[image]
width=640
height=480

[camera]
camera_name=narrow_stereo/right

[cam1]
K=553.71156 0 320.02731  0 553.70712 238.00709  0 0 1
D=-0.003970 0.005570 -0.000836 0.000164 0.000000
R=0.99876981 -0.04861484 -0.00977046  0.03527179 0.55801727 0.82907939  -0.03485348 -0.82840408 0.55904553
P=2171.04361 0 320.9629 0   0 2171.04361 -1350.05934 91.09296   0 0 1 0
