[image]
width=640
height=480

[camera]
camera_name=narrow_stereo/left

[cam0]
K=553.528 0 320.12161  0 553.45796 238.05282  0 0 1
D=-0.002931 0.001550 -0.000971 0.000165 0.000000
R=0.99965648 -0.01307289 -0.02271604  0.02608505 0.58049712 0.81384438  0.0025473 -0.81415735 0.58063871
P=2171.04361 0 320.9629 0   0 2171.04361 -1350.05934 0   0 0 1 0
